0.300000 2.174616 0.0
0.308543 2.162742 0.0
0.317085 2.152039 0.0
0.325628 2.142352 0.0
0.334171 2.133550 0.0
0.342714 2.125524 0.0
0.351256 2.118182 0.0
0.359799 2.111444 0.0
0.368342 2.105245 0.0
0.376884 2.099524 0.0
0.385427 2.094233 0.0
0.393970 2.089327 0.0
0.402513 2.084769 0.0
0.411055 2.080524 0.0
0.419598 2.076564 0.0
0.428141 2.072863 0.0
0.436683 2.069397 0.0
0.445226 2.066147 0.0
0.453769 2.063093 0.0
0.462312 2.060219 0.0
0.470854 2.057511 0.0
0.479397 2.054956 0.0
0.487940 2.052541 0.0
0.496482 2.050257 0.0
0.505025 2.048092 0.0
0.513568 2.046039 0.0
0.522111 2.044090 0.0
0.530653 2.042236 0.0
0.539196 2.040472 0.0
0.547739 2.038791 0.0
0.556281 2.037188 0.0
0.564824 2.035658 0.0
0.573367 2.034195 0.0
0.581910 2.032797 0.0
0.590452 2.031457 0.0
0.598995 2.030174 0.0
0.607538 2.028943 0.0
0.616080 2.027761 0.0
0.624623 2.026626 0.0
0.633166 2.025534 0.0
0.641709 2.024484 0.0
0.650251 2.023472 0.0
0.658794 2.022497 0.0
0.667337 2.021557 0.0
0.675879 2.020649 0.0
0.684422 2.019773 0.0
0.692965 2.018925 0.0
0.701508 2.018106 0.0
0.710050 2.017313 0.0
0.718593 2.016544 0.0
0.727136 2.015800 0.0
0.735678 2.015077 0.0
0.744221 2.014377 0.0
0.752764 2.013696 0.0
0.761307 2.013035 0.0
0.769849 2.012392 0.0
0.778392 2.011766 0.0
0.786935 2.011158 0.0
0.795477 2.010565 0.0
0.804020 2.009987 0.0
0.812563 2.009423 0.0
0.821106 2.008874 0.0
0.829648 2.008337 0.0
0.838191 2.007813 0.0
0.846734 2.007301 0.0
0.855276 2.006800 0.0
0.863819 2.006310 0.0
0.872362 2.005831 0.0
0.880905 2.005361 0.0
0.889447 2.004902 0.0
0.897990 2.004451 0.0
0.906533 2.004009 0.0
0.915075 2.003575 0.0
0.923618 2.003149 0.0
0.932161 2.002731 0.0
0.940704 2.002320 0.0
0.949246 2.001916 0.0
0.957789 2.001519 0.0
0.966332 2.001129 0.0
0.974874 2.000744 0.0
0.983417 2.000366 0.0
0.991960 1.999993 0.0
1.000503 1.999625 0.0
1.009045 1.999263 0.0
1.017588 1.998906 0.0
1.026131 1.998553 0.0
1.034673 1.998205 0.0
1.043216 1.997862 0.0
1.051759 1.997523 0.0
1.060302 1.997187 0.0
1.068844 1.996856 0.0
1.077387 1.996528 0.0
1.085930 1.996204 0.0
1.094472 1.995884 0.0
1.103015 1.995566 0.0
1.111558 1.995252 0.0
1.120101 1.994941 0.0
1.128643 1.994632 0.0
1.137186 1.994326 0.0
1.145729 1.994023 0.0
1.154271 1.993723 0.0
1.162814 1.993425 0.0
1.171357 1.993129 0.0
1.179899 1.992836 0.0
1.188442 1.992544 0.0
1.196985 1.992255 0.0
1.205528 1.991967 0.0
1.214070 1.991682 0.0
1.222613 1.991398 0.0
1.231156 1.991116 0.0
1.239698 1.990835 0.0
1.248241 1.990556 0.0
1.256784 1.990279 0.0
1.265327 1.990003 0.0
1.273869 1.989728 0.0
1.282412 1.989454 0.0
1.290955 1.989182 0.0
1.299497 1.988911 0.0
1.308040 1.988641 0.0
1.316583 1.988372 0.0
1.325126 1.988104 0.0
1.333668 1.987836 0.0
1.342211 1.987570 0.0
1.350754 1.987304 0.0
1.359296 1.987040 0.0
1.367839 1.986776 0.0
1.376382 1.986512 0.0
1.384925 1.986249 0.0
1.393467 1.985987 0.0
1.402010 1.985726 0.0
1.410553 1.985465 0.0
1.419095 1.985204 0.0
1.427638 1.984944 0.0
1.436181 1.984684 0.0
1.444724 1.984424 0.0
1.453266 1.984165 0.0
1.461809 1.983906 0.0
1.470352 1.983648 0.0
1.478894 1.983389 0.0
1.487437 1.983131 0.0
1.495980 1.982873 0.0
1.504523 1.982615 0.0
1.513065 1.982357 0.0
1.521608 1.982099 0.0
1.530151 1.981842 0.0
1.538693 1.981584 0.0
1.547236 1.981326 0.0
1.555779 1.981069 0.0
1.564322 1.980811 0.0
1.572864 1.980553 0.0
1.581407 1.980295 0.0
1.589950 1.980037 0.0
1.598492 1.979779 0.0
1.607035 1.979521 0.0
1.615578 1.979262 0.0
1.624121 1.979004 0.0
1.632663 1.978745 0.0
1.641206 1.978486 0.0
1.649749 1.978226 0.0
1.658291 1.977967 0.0
1.666834 1.977707 0.0
1.675377 1.977446 0.0
1.683920 1.977186 0.0
1.692462 1.976925 0.0
1.701005 1.976664 0.0
1.709548 1.976402 0.0
1.718090 1.976140 0.0
1.726633 1.975878 0.0
1.735176 1.975615 0.0
1.743719 1.975352 0.0
1.752261 1.975088 0.0
1.760804 1.974824 0.0
1.769347 1.974559 0.0
1.777889 1.974294 0.0
1.786432 1.974028 0.0
1.794975 1.973762 0.0
1.803518 1.973496 0.0
1.812060 1.973229 0.0
1.820603 1.972961 0.0
1.829146 1.972693 0.0
1.837688 1.972424 0.0
1.846231 1.972155 0.0
1.854774 1.971885 0.0
1.863317 1.971614 0.0
1.871859 1.971343 0.0
1.880402 1.971071 0.0
1.888945 1.970799 0.0
1.897487 1.970526 0.0
1.906030 1.970253 0.0
1.914573 1.969978 0.0
1.923116 1.969703 0.0
1.931658 1.969428 0.0
1.940201 1.969152 0.0
1.948744 1.968875 0.0
1.957286 1.968597 0.0
1.965829 1.968319 0.0
1.974372 1.968040 0.0
1.982915 1.967760 0.0
1.991457 1.967480 0.0
2.000000 1.967199 0.0
