191.203796	0.870536	2.643222	
192.786896	0.890682	2.670472	
194.370026	0.910394	2.697831	
195.953217	0.929758	2.725414	
197.536407	0.948868	2.753312	
199.119629	0.967823	2.781605	
200.702896	0.986728	2.810354	
202.286179	1.005687	2.839606	
203.869507	1.024811	2.869404	
205.452850	1.044202	2.899764	
207.036224	1.063958	2.930700	
208.619629	1.084190	2.962228	
210.203079	1.104986	2.994313	
211.786530	1.126456	3.026950	
213.370026	1.148674	3.060117	
214.953522	1.171750	3.093790	
216.537064	1.195785	3.127955	
218.120636	1.220864	3.162620	
219.704224	1.247081	3.197827	
221.287842	1.274525	3.233754	
222.871460	1.303464	3.270965	
224.455124	1.335198	3.310527	
226.038818	1.373419	3.352484	
227.622528	1.422796	3.392088	
229.206268	1.482359	3.419436	
230.790009	1.541308	3.427403	
232.373810	1.586913	3.421058	
233.957611	1.615120	3.411778	
235.541428	1.629887	3.408412	
237.125275	1.637758	3.413220	
238.709137	1.642457	3.425572	
240.293015	1.645813	3.443928	
241.876923	1.648501	3.467601	
243.460846	1.650898	3.496000	
245.044800	1.653251	3.528958	
246.628754	1.655825	3.566614	
248.212738	1.658940	3.609010	
249.796722	1.663012	3.656331	
251.380768	1.668558	3.708781	
252.964798	1.676185	3.766521	
254.548828	1.686578	3.829642	
256.132904	1.700479	3.898148	
257.716980	1.718653	3.971952	
259.301086	1.741872	4.050866	
260.885193	1.770890	4.134619	
262.469330	1.806422	4.222872	
264.053467	1.849122	4.315249	
265.637634	1.899585	4.411413	
267.221802	1.958421	4.511197	
268.805969	2.026740	4.614900	
270.390198	2.105828	4.722840	
271.974396	2.198629	4.835121	
273.558624	2.310714	4.949877	
275.142853	2.445613	5.060541	
276.727112	2.602227	5.157866	
278.311340	2.772685	5.234453	
279.895599	2.945914	5.294265	
281.479889	3.120643	5.347226	
283.064178	3.306832	5.400486	
284.648499	3.520396	5.445785	
286.232788	3.763980	5.464531	
287.817078	4.027192	5.436593	
289.401428	4.288043	5.352256	
290.985748	4.524338	5.218169	
292.570099	4.718914	5.047400	
294.154449	4.866185	4.859541	
295.738800	4.970544	4.671204	
297.323151	5.039585	4.492950	
298.907532	5.081325	4.331036	
300.491882	5.104767	4.186988	
302.076263	5.116442	4.060163	
303.660645	5.120966	3.948993	
305.245026	5.121575	3.851462	
306.829407	5.120409	3.765525	
308.413818	5.118831	3.689332	
309.998230	5.117681	3.621301	
311.582611	5.117477	3.560158	
313.167023	5.118502	3.504720	
314.751404	5.120903	3.454094	
316.335815	5.124726	3.407536	
317.920227	5.129966	3.364471	
319.504639	5.136564	3.324395	
321.089050	5.144434	3.286909	
322.673462	5.153491	3.251709	
324.257874	5.163648	3.218571	
325.842255	5.174836	3.187331	
327.426697	5.187001	3.157876	
329.011078	5.200114	3.130141	
330.595490	5.214195	3.104133	
332.179871	5.229291	3.079877	
333.764282	5.245441	3.057335	
335.348694	5.262747	3.036543	
336.933075	5.281348	3.017557	
338.517487	5.301551	3.000566	
340.101868	5.323475	2.985486	
341.686249	5.347356	2.972363	
343.270630	5.373692	2.961422	
344.855011	5.402774	2.952675	
346.439362	5.434907	2.946171	
348.023743	5.471096	2.942378	
349.608093	5.511924	2.941397	
351.192444	5.558528	2.943505	
352.776794	5.613685	2.949167	
354.361115	5.678819	2.957632	
355.945435	5.759499	2.967684	
357.529755	5.858039	2.975627	
359.114075	5.979713	2.974828	
360.698364	6.124437	2.955925	
362.282654	6.289489	2.907194	
363.866943	6.464287	2.818915	
365.451202	6.634467	2.684641	
367.035461	6.783457	2.508723	
368.619720	6.894922	2.297638	
370.203949	6.965705	2.069268	
371.788177	6.986257	1.837411	
373.372375	6.970748	1.614841	
374.956604	6.921135	1.412457	
376.540802	6.849801	1.232159	
378.124969	6.764578	1.074091	
379.709137	6.670179	0.940317	
381.293274	6.572308	0.824557	
382.877411	6.473514	0.726339	
384.461548	6.375986	0.644061	
386.045654	6.280864	0.573841	
387.629730	6.189310	0.514912	
389.213806	6.102290	0.466197	
390.797882	6.019594	0.425005	
392.381897	5.941420	0.390237	
393.965942	5.868707	0.361717	
395.549957	5.800539	0.337474	
397.133942	5.736695	0.316669	
398.717896	5.676954	0.298633	
400.301849	5.621658	0.283094	
401.885803	5.569764	0.269147	
403.469696	5.520956	0.256440	
405.053589	5.474919	0.244703	
406.637482	5.431467	0.233766	
408.221344	5.390409	0.223506	
409.805176	5.351251	0.213751	
411.388977	5.313800	0.204443	
412.972748	5.277888	0.195547	
414.556549	5.243372	0.187037	
416.140289	5.210161	0.178905	
417.724030	5.178232	0.171167	
419.307709	5.147376	0.163769	
420.891418	5.117521	0.156704	
422.475037	5.088607	0.149959	
424.058685	5.060579	0.143527	
425.642273	5.033390	0.137396	
427.225891	5.006995	0.131557	
428.809418	4.981358	0.126000	
430.392914	4.956443	0.120715	
431.976471	4.932216	0.115690	
433.559906	4.908650	0.110917	
435.143372	4.885740	0.106395	
436.726807	4.863432	0.102103	
438.310211	4.841702	0.098030	
439.893555	4.820529	0.094168	
441.476898	4.799891	0.090508	
443.060211	4.779771	0.087040	
444.643494	4.760148	0.083756	
446.226746	4.741008	0.080647	
447.809967	4.722333	0.077706	
449.393158	4.704108	0.074925	
450.976318	4.686319	0.072295	
452.559418	4.668952	0.069809	
454.142517	4.652015	0.067467	
455.725586	4.635477	0.065257	
457.308655	4.619325	0.063170	
458.891663	4.603547	0.061200	
460.474609	4.588131	0.059341	
462.057526	4.573065	0.057587	
463.640442	4.558338	0.055933	
465.223297	4.543940	0.054371	
466.806152	4.529860	0.052898	
468.388977	4.516090	0.051508	
469.971741	4.502621	0.050196	
471.554443	4.489440	0.048958	
473.137115	4.476577	0.047797	
474.719788	4.464001	0.046704	
476.302399	4.451691	0.045671	
477.884949	4.439638	0.044695	
479.467529	4.427833	0.043772	
481.050049	4.416270	0.042898	
482.632507	4.404942	0.042071	
484.214935	4.393870	0.041292	
485.797302	4.383044	0.040558	
487.379700	4.372431	0.039861	
488.961975	4.362024	0.039197	
490.544250	4.351816	0.038566	
492.126465	4.341800	0.037965	
493.708679	4.332025	0.037398	
495.290833	4.322442	0.036857	
496.872955	4.313034	0.036339	
498.454987	4.303795	0.035842	
500.037018	4.294721	0.035364	
501.618988	4.285866	0.034911	
503.200928	4.277170	0.034475	
504.782806	4.268622	0.034053	
506.364685	4.260218	0.033644	
507.946472	4.251988	0.033251	
509.528229	4.243925	0.032872	
511.109955	4.235990	0.032502	
512.691589	4.228181	0.032142	
514.273254	4.220524	0.031792	
515.854858	4.213021	0.031452	
517.436401	4.205629	0.031118	
519.017822	4.198347	0.030791	
520.599243	4.191218	0.030471	
522.180664	4.184210	0.030158	
523.762024	4.177300	0.029849	
525.343323	4.170493	0.029545	
526.924561	4.163838	0.029246	
528.505737	4.157269	0.028952	
530.086853	4.150786	0.028660	
531.667969	4.144435	0.028373	
533.249023	4.138180	0.028089	
534.830017	4.132000	0.027808	
536.411011	4.125930	0.027530	
537.991821	4.119963	0.027255	
539.572693	4.114062	0.026982	
541.153442	4.108258	0.026712	
542.734253	4.102554	0.026446	
544.314880	4.096911	0.026181	
545.895569	4.091358	0.025918	
547.476135	4.085899	0.025659	
549.056641	4.080495	0.025401	
550.637085	4.075181	0.025145	
552.217529	4.069951	0.024892	
553.797852	4.064768	0.024641	
555.378174	4.059684	0.024392	
556.958374	4.054662	0.024146	
558.538635	4.049685	0.023901	
560.118774	4.044817	0.023659	
561.698853	4.039989	0.023419	
563.278870	4.035224	0.023180	
564.858765	4.030540	0.022945	
566.438721	4.025890	0.022710	
568.018555	4.021327	0.022479	
569.598328	4.016812	0.022249	
571.178101	4.012345	0.022021	
572.757690	4.007958	0.021795	
574.337280	4.003600	0.021571	
575.916870	3.999320	0.021350	
577.496338	3.995082	0.021130	
579.075806	3.990892	0.020912	
580.655151	3.986770	0.020696	
582.234436	3.982671	0.020482	
583.813660	3.978655	0.020270	
585.392883	3.974663	0.020060	
586.971985	3.970731	0.019852	
588.551025	3.966844	0.019645	
590.130005	3.962993	0.019441	
591.708923	3.959206	0.019239	
593.287781	3.955434	0.019037	
594.866577	3.951742	0.018839	
596.445313	3.948063	0.018641	
598.023987	3.944448	0.018446	
599.602539	3.940860	0.018253	
601.181091	3.937320	0.018061	
602.759521	3.933818	0.017871	
604.337952	3.930350	0.017683	
605.916260	3.926931	0.017496	
607.494507	3.923535	0.017311	
609.072693	3.920195	0.017129	
610.650818	3.916870	0.016947	
612.228882	3.913607	0.016767	
613.806885	3.910350	0.016589	
615.384766	3.907160	0.016413	
616.962646	3.903972	0.016237	
618.540405	3.900850	0.016065	
620.118103	3.897731	0.015893	
621.695740	3.894674	0.015724	
623.273315	3.891621	0.015555	
624.850769	3.888627	0.015389	
626.428162	3.885638	0.015223	
628.005493	3.882705	0.015060	
629.582825	3.879777	0.014897	
631.160034	3.876905	0.014737	
632.737122	3.874036	0.014577	
634.314148	3.871223	0.014420	
635.891174	3.868409	0.014263	
637.468079	3.865655	0.014109	
639.044861	3.862900	0.013955	
640.621643	3.860198	0.013804	
642.198303	3.857499	0.013653	
643.774902	3.854847	0.013505	
645.351440	3.852205	0.013357	
646.927856	3.849601	0.013211	
648.504211	3.847014	0.013066	
650.080444	3.844456	0.012923	
651.656677	3.841922	0.012781	
653.232788	3.839409	0.012640	
654.808899	3.836928	0.012501	
656.384827	3.834456	0.012363	
657.960754	3.832027	0.012226	
659.536499	3.829596	0.012090	
661.112244	3.827217	0.011957	
662.687866	3.824837	0.011824	
664.263489	3.822495	0.011692	
665.838989	3.820165	0.011562	
667.414368	3.817858	0.011433	
668.989685	3.815577	0.011305	
670.564941	3.813304	0.011178	
672.140076	3.811072	0.011053	
673.715149	3.808838	0.010928	
675.290161	3.806646	0.010806	
676.865051	3.804460	0.010684	
678.439819	3.802298	0.010563	
680.014587	3.800157	0.010444	
681.589233	3.798023	0.010325	
683.163818	3.795928	0.010208	
684.738281	3.793832	0.010091	
686.312622	3.791771	0.009977	
687.886963	3.789720	0.009863	
689.461182	3.787684	0.009750	
691.035278	3.785676	0.009639	
692.609375	3.783667	0.009527	
694.183289	3.781698	0.009418	
695.757202	3.779732	0.009310	
697.330933	3.777784	0.009202	
698.904663	3.775860	0.009096	
700.478210	3.773935	0.008990	
702.051697	3.772050	0.008886	
703.625122	3.770166	0.008783	
705.198486	3.768299	0.008680	
706.771667	3.766456	0.008579	
708.344849	3.764612	0.008478	
709.917847	3.762802	0.008380	
711.490845	3.760998	0.008281	
713.063721	3.759204	0.008183	
714.636475	3.757438	0.008087	
716.209106	3.755672	0.007991	
717.781738	3.753930	0.007897	
719.354248	3.752203	0.007803	
720.926636	3.750475	0.007710	
722.498901	3.748784	0.007619	
724.071167	3.747093	0.007528	
725.643188	3.745413	0.007437	
727.215210	3.743758	0.007349	
728.787170	3.742103	0.007260	
730.359009	3.740470	0.007173	
731.930725	3.738852	0.007086	
733.502319	3.737232	0.007000	
735.073853	3.735644	0.006916	
736.645264	3.734060	0.006832	
738.216614	3.732478	0.006748	
739.787842	3.730929	0.006666	
741.359009	3.729379	0.006584	
742.929993	3.727838	0.006503	
744.500916	3.726323	0.006424	
746.071777	3.724807	0.006345	
747.642456	3.723305	0.006266	
749.213135	3.721822	0.006189	
750.783630	3.720339	0.006112	
752.354065	3.718873	0.006036	
753.924377	3.717422	0.005961	
755.494629	3.715972	0.005886	
757.064758	3.714541	0.005812	
758.634705	3.713123	0.005740	
760.204651	3.711704	0.005667	
761.774475	3.710306	0.005595	
763.344116	3.708918	0.005525	
764.913757	3.707530	0.005454	
766.483276	3.706163	0.005385	
768.052612	3.704807	0.005317	
769.621948	3.703450	0.005248	
771.191040	3.702113	0.005181	
772.760132	3.700786	0.005115	
774.329102	3.699459	0.005048	
775.897949	3.698149	0.004983	
777.466675	3.696852	0.004919	
779.035339	3.695554	0.004855	
780.603882	3.694270	0.004791	
782.172241	3.693002	0.004729	
783.740601	3.691733	0.004667	
785.308777	3.690473	0.004605	
786.876831	3.689234	0.004545	
788.444824	3.687994	0.004484	
790.012695	3.686757	0.004424	
791.580444	3.685545	0.004366	
793.148071	3.684333	0.004308	
794.715637	3.683121	0.004250	
796.283081	3.681933	0.004193	
797.850403	3.680749	0.004137	
799.417603	3.679564	0.004080	
800.984680	3.678396	0.004025	
802.551636	3.677238	0.003971	
804.118469	3.676080	0.003917	
805.685181	3.674930	0.003863	
807.251831	3.673799	0.003810	
808.818359	3.672667	0.003758	
810.384766	3.671535	0.003705	
811.951050	3.670428	0.003654	
813.517212	3.669322	0.003604	
815.083252	3.668216	0.003553	
816.649170	3.667125	0.003503	
818.214966	3.666044	0.003455	
819.780640	3.664964	0.003406	
821.346313	3.663886	0.003357	
822.911743	3.662831	0.003310	
824.477051	3.661775	0.003263	
826.042297	3.660719	0.003216	
827.607300	3.659678	0.003170	
829.172363	3.658648	0.003125	
830.737183	3.657617	0.003079	
832.301941	3.656587	0.003034	
833.866516	3.655580	0.002991	
835.431030	3.654573	0.002947	
836.995422	3.653566	0.002903	
838.559692	3.652570	0.002861	
840.123840	3.651586	0.002819	
841.687805	3.650603	0.002777	
843.251648	3.649619	0.002735	
844.815430	3.648655	0.002695	
846.379089	3.647694	0.002654	
847.942566	3.646734	0.002614	
849.505981	3.645776	0.002574	
851.069214	3.644838	0.002536	
852.632446	3.643901	0.002497	
854.195435	3.642963	0.002459	
855.758301	3.642033	0.002421	
857.321106	3.641118	0.002384	
858.883667	3.640203	0.002347	
860.446167	3.639287	0.002310	
862.008606	3.638384	0.002274	
863.570801	3.637491	0.002239	
865.132935	3.636597	0.002203	
866.694946	3.635703	0.002168	
868.256836	3.634825	0.002134	
869.818542	3.633953	0.002100	
871.380188	3.633080	0.002066	
872.941589	3.632208	0.002033	
874.502930	3.631353	0.002000	
876.064148	3.630501	0.001968	
877.625305	3.629650	0.001936	
879.186218	3.628798	0.001903	
880.747070	3.627965	0.001872	
882.307739	3.627135	0.001842	
883.868286	3.626304	0.001811	
885.428711	3.625473	0.001780	
886.988953	3.624660	0.001751	
888.549133	3.623849	0.001721	
890.109192	3.623039	0.001692	
891.669067	3.622229	0.001663	
893.228821	3.621433	0.001634	
894.788391	3.620643	0.001607	
896.347839	3.619852	0.001579	
897.907227	3.619061	0.001551	
899.466431	3.618282	0.001524	
901.025513	3.617512	0.001497	
902.584473	3.616741	0.001471	
904.143250	3.615970	0.001445	
905.701843	3.615206	0.001419	
907.260437	3.614454	0.001394	
908.818848	3.613703	0.001369	
910.377075	3.612950	0.001343	
911.935181	3.612200	0.001319	
913.493164	3.611468	0.001295	
915.050964	3.610735	0.001271	
916.608582	3.610002	0.001247	
918.166199	3.609268	0.001224	
919.723633	3.608550	0.001201	
921.280884	3.607835	0.001179	
922.838013	3.607120	0.001156	
924.394897	3.606405	0.001134	
925.951782	3.605698	0.001112	
927.508484	3.605001	0.001091	
929.065063	3.604305	0.001070	
930.621460	3.603608	0.001049	
932.177734	3.602912	0.001028	
933.733765	3.602232	0.001008	
935.289856	3.601552	0.000988	
936.845581	3.600873	0.000968	
938.401245	3.600194	0.000948	
939.956848	3.599522	0.000929	
941.512207	3.598861	0.000910	
943.067505	3.598200	0.000891	
944.622559	3.597538	0.000873	
946.177551	3.596877	0.000854	
947.732300	3.596229	0.000837	
949.286987	3.595584	0.000819	
950.841492	3.594939	0.000802	
952.395874	3.594295	0.000784	
953.950073	3.593651	0.000767	
955.504211	3.593024	0.000751	
957.058105	3.592396	0.000735	
958.611816	3.591769	0.000718	
960.165405	3.591142	0.000702	
961.718933	3.590519	0.000686	
963.272278	3.589908	0.000671	
964.825378	3.589297	0.000656	
966.378418	3.588685	0.000641	
967.931274	3.588074	0.000626	
969.484009	3.587470	0.000611	
971.036499	3.586875	0.000598	
972.588867	3.586280	0.000584	
974.141113	3.585685	0.000570	
975.693237	3.585090	0.000556	
977.245239	3.584504	0.000542	
978.796997	3.583925	0.000529	
980.348633	3.583346	0.000517	
981.900085	3.582767	0.000504	
983.451355	3.582188	0.000491	
985.002563	3.581617	0.000479	
986.553528	3.581054	0.000467	
988.104370	3.580490	0.000455	
989.655090	3.579926	0.000443	
991.205688	3.579363	0.000432	
992.755981	3.578807	0.000420	
994.306274	3.578258	0.000409	
995.856262	3.577710	0.000399	
997.406128	3.577162	0.000388	
998.955872	3.576613	0.000377	
1010.796082	3.572551	0.000304	
1014.159790	3.571424	0.000285	
1017.523926	3.570307	0.000266	
1020.888855	3.569210	0.000249	
1024.254272	3.568112	0.000232	
1027.620361	3.567040	0.000217	
1030.986938	3.565973	0.000202	
1034.354126	3.564915	0.000187	
1037.721924	3.563877	0.000174	
1041.090332	3.562838	0.000161	
1044.459229	3.561821	0.000149	
1047.828857	3.560812	0.000138	
1051.198975	3.559805	0.000126	
1054.569824	3.558824	0.000117	
1057.941162	3.557842	0.000107	
1061.313110	3.556873	0.000098	
1064.685669	3.555919	0.000090	
1068.058838	3.554965	0.000082	
1071.432495	3.554031	0.000075	
1074.806885	3.553104	0.000068	
1078.181763	3.552177	0.000061	
1081.557251	3.551277	0.000056	
1084.933350	3.550378	0.000050	
1088.309937	3.549482	0.000045	
1091.687256	3.548609	0.000041	
1095.065186	3.547734	0.000037	
1098.443604	3.546868	0.000033	
1101.822510	3.546020	0.000030	
1105.202271	3.545172	0.000026	
1108.582397	3.544334	0.000023	
1111.963257	3.543511	0.000021	
1115.344727	3.542688	0.000019	
1118.726807	3.541876	0.000016	
1122.109375	3.541077	0.000015	
1125.492432	3.540278	0.000013	
1128.876221	3.539490	0.000011	
1132.260742	3.538716	0.000010	
1135.645752	3.537941	0.000009	
1139.031250	3.537176	0.000008	
1142.417358	3.536425	0.000007	
1145.804077	3.535674	0.000006	
1149.191528	3.534929	0.000005	
1152.579346	3.534200	0.000005	
1155.968018	3.533471	0.000004	
1159.357178	3.532745	0.000003	
1162.746826	3.532039	0.000003	
1166.137085	3.531332	0.000003	
1169.528076	3.530626	0.000002	
1172.919556	3.529939	0.000002	
1176.311646	3.529254	0.000002	
1179.704346	3.528569	0.000001	
1183.097534	3.527898	0.000001	
1186.491455	3.527234	0.000001	
1189.885986	3.526571	0.000001	
1193.281006	3.525913	0.000001	
1196.676636	3.525270	0.000001	
1200.072998	3.524626	0.000001	
1203.469727	3.523983	0.000000	
1206.867188	3.523357	0.000000	
1210.265259	3.522734	0.000000	
1213.663818	3.522111	0.000000	
1217.063110	3.521495	0.000000	
1220.462891	3.520892	0.000000	
1223.863281	3.520288	0.000000	
1227.264282	3.519684	0.000000	
1230.665894	3.519096	0.000000	
1234.068115	3.518512	0.000000	
1237.470947	3.517927	0.000000	
1240.874268	3.517347	0.000000	
1244.278198	3.516781	0.000000	
1247.682861	3.516214	0.000000	
1251.088013	3.515648	0.000000	
1254.493774	3.515092	0.000000	
1257.900146	3.514544	0.000000	
1261.307007	3.513996	0.000000	
1264.714600	3.513448	0.000000	
1268.122803	3.512915	0.000000	
1271.531494	3.512384	0.000000	
1274.940674	3.511854	0.000000	
1278.350708	3.511323	0.000000	
1281.761230	3.510810	0.000000	
1285.172363	3.510297	0.000000	
1288.584106	3.509784	0.000000	
1291.996338	3.509272	0.000000	
1295.409302	3.508776	0.000000	
1298.822754	3.508279	0.000000	
1302.236816	3.507783	0.000000	
1305.651611	3.507288	0.000000	
1309.066772	3.506808	0.000000	
1312.482666	3.506327	0.000000	
1315.899170	3.505847	0.000000	
1319.316162	3.505367	0.000000	
1322.733887	3.504903	0.000000	
1326.152100	3.504439	0.000000	
1329.571045	3.503975	0.000000	
1332.990479	3.503510	0.000000	
1336.410522	3.503061	0.000000	
1339.831177	3.502612	0.000000	
1343.252441	3.502164	0.000000	
1346.674194	3.501715	0.000000	
1350.096680	3.501276	0.000000	
1353.519775	3.500843	0.000000	
1356.943359	3.500410	0.000000	
1360.367554	3.499976	0.000000	
1363.792358	3.499547	0.000000	
1367.217896	3.499128	0.000000	
1370.643799	3.498709	0.000000	
1374.070435	3.498290	0.000000	
1377.497681	3.497871	0.000000	
1380.925537	3.497465	0.000000	
1384.353882	3.497061	0.000000	
1387.782959	3.496656	0.000000	
1391.212524	3.496252	0.000000	
1394.642700	3.495853	0.000000	
1398.073486	3.495463	0.000000	
1401.504761	3.495073	0.000000	
1404.936768	3.494682	0.000000	
1408.369385	3.494292	0.000000	
1411.802490	3.493912	0.000000	
1415.236328	3.493535	0.000000	
1418.670654	3.493158	0.000000	
1422.105713	3.492781	0.000000	
1425.541260	3.492405	0.000000	
1428.977417	3.492042	0.000000	
1432.414185	3.491678	0.000000	
1435.851563	3.491315	0.000000	
1439.289551	3.490951	0.000000	
1442.728149	3.490591	0.000000	
1446.167236	3.490240	0.000000	
1449.607056	3.489890	0.000000	
1453.047363	3.489540	0.000000	
1456.488281	3.489189	0.000000	
1459.929810	3.488842	0.000000	
1463.371948	3.488505	0.000000	
1466.814697	3.488167	0.000000	
1470.258057	3.487829	0.000000	
1473.702026	3.487491	0.000000	
1477.146606	3.487156	0.000000	
1480.591675	3.486830	0.000000	
1484.037354	3.486505	0.000000	
1487.483765	3.486179	0.000000	
1490.930664	3.485853	0.000000	
1494.378174	3.485528	0.000000	
1497.826416	3.485214	0.000000	
1501.275146	3.484901	0.000000	
1504.724365	3.484587	0.000000	
1508.174316	3.484273	0.000000	
1511.624756	3.483959	0.000000	
1515.075928	3.483655	0.000000	
1518.527710	3.483353	0.000000	
1521.979980	3.483051	0.000000	
1525.432861	3.482749	0.000000	
1528.886475	3.482447	0.000000	
1532.340576	3.482150	0.000000	
1535.795288	3.481859	0.000000	
1539.250610	3.481568	0.000000	
1542.706543	3.481277	0.000000	
1546.163086	3.480987	0.000000	
1549.620117	3.480696	0.000000	
1553.077881	3.480415	0.000000	
1556.536255	3.480135	0.000000	
1559.995117	3.479855	0.000000	
1563.454590	3.479575	0.000000	
1566.914795	3.479295	0.000000	
1570.375488	3.479017	0.000000	
1573.836670	3.478748	0.000000	
1577.298584	3.478479	0.000000	
1580.761230	3.478209	0.000000	
1584.224365	3.477940	0.000000	
1587.687988	3.477670	0.000000	
1591.152344	3.477406	0.000000	
1594.617310	3.477147	0.000000	
1598.082764	3.476888	0.000000	
1601.548950	3.476630	0.000000	
1605.015625	3.476371	0.000000	
1608.482910	3.476113	0.000000	
1611.950806	3.475858	0.000000	
1615.419312	3.475610	0.000000	
1618.888428	3.475361	0.000000	
1622.358154	3.475112	0.000000	
1625.828491	3.474863	0.000000	
1629.299438	3.474614	0.000000	
1632.770874	3.474369	0.000000	
1636.243042	3.474130	0.000000	
1639.715820	3.473892	0.000000	
1643.189087	3.473653	0.000000	
1646.663086	3.473414	0.000000	
1650.137451	3.473175	0.000000	
1653.612671	3.472937	0.000000	
1657.088501	3.472708	0.000000	
1660.564697	3.472479	0.000000	
1664.041626	3.472250	0.000000	
1667.519165	3.472020	0.000000	
1670.997314	3.471791	0.000000	
1674.476196	3.471561	0.000000	
1677.955444	3.471338	0.000000	
1681.435303	3.471118	0.000000	
1684.915771	3.470898	0.000000	
1688.397095	3.470678	0.000000	