0.300000 1.487793 0.0
0.308543 1.485497 0.0
0.317085 1.483409 0.0
0.325628 1.481503 0.0
0.334171 1.479759 0.0
0.342714 1.478157 0.0
0.351256 1.476682 0.0
0.359799 1.475320 0.0
0.368342 1.474060 0.0
0.376884 1.472890 0.0
0.385427 1.471803 0.0
0.393970 1.470790 0.0
0.402513 1.469845 0.0
0.411055 1.468960 0.0
0.419598 1.468131 0.0
0.428141 1.467353 0.0
0.436683 1.466622 0.0
0.445226 1.465933 0.0
0.453769 1.465284 0.0
0.462312 1.464670 0.0
0.470854 1.464090 0.0
0.479397 1.463540 0.0
0.487940 1.463018 0.0
0.496482 1.462523 0.0
0.505025 1.462052 0.0
0.513568 1.461604 0.0
0.522111 1.461177 0.0
0.530653 1.460769 0.0
0.539196 1.460379 0.0
0.547739 1.460007 0.0
0.556281 1.459650 0.0
0.564824 1.459308 0.0
0.573367 1.458980 0.0
0.581910 1.458665 0.0
0.590452 1.458363 0.0
0.598995 1.458071 0.0
0.607538 1.457791 0.0
0.616080 1.457520 0.0
0.624623 1.457259 0.0
0.633166 1.457007 0.0
0.641709 1.456764 0.0
0.650251 1.456528 0.0
0.658794 1.456300 0.0
0.667337 1.456079 0.0
0.675879 1.455865 0.0
0.684422 1.455657 0.0
0.692965 1.455455 0.0
0.701508 1.455258 0.0
0.710050 1.455067 0.0
0.718593 1.454881 0.0
0.727136 1.454700 0.0
0.735678 1.454523 0.0
0.744221 1.454351 0.0
0.752764 1.454183 0.0
0.761307 1.454018 0.0
0.769849 1.453858 0.0
0.778392 1.453700 0.0
0.786935 1.453547 0.0
0.795477 1.453396 0.0
0.804020 1.453248 0.0
0.812563 1.453103 0.0
0.821106 1.452961 0.0
0.829648 1.452821 0.0
0.838191 1.452684 0.0
0.846734 1.452549 0.0
0.855276 1.452417 0.0
0.863819 1.452286 0.0
0.872362 1.452157 0.0
0.880905 1.452031 0.0
0.889447 1.451906 0.0
0.897990 1.451783 0.0
0.906533 1.451661 0.0
0.915075 1.451541 0.0
0.923618 1.451423 0.0
0.932161 1.451306 0.0
0.940704 1.451190 0.0
0.949246 1.451075 0.0
0.957789 1.450962 0.0
0.966332 1.450850 0.0
0.974874 1.450739 0.0
0.983417 1.450628 0.0
0.991960 1.450519 0.0
1.000503 1.450411 0.0
1.009045 1.450304 0.0
1.017588 1.450197 0.0
1.026131 1.450091 0.0
1.034673 1.449986 0.0
1.043216 1.449882 0.0
1.051759 1.449778 0.0
1.060302 1.449675 0.0
1.068844 1.449573 0.0
1.077387 1.449471 0.0
1.085930 1.449370 0.0
1.094472 1.449269 0.0
1.103015 1.449168 0.0
1.111558 1.449068 0.0
1.120101 1.448968 0.0
1.128643 1.448869 0.0
1.137186 1.448770 0.0
1.145729 1.448671 0.0
1.154271 1.448573 0.0
1.162814 1.448475 0.0
1.171357 1.448377 0.0
1.179899 1.448279 0.0
1.188442 1.448182 0.0
1.196985 1.448084 0.0
1.205528 1.447987 0.0
1.214070 1.447890 0.0
1.222613 1.447793 0.0
1.231156 1.447696 0.0
1.239698 1.447600 0.0
1.248241 1.447503 0.0
1.256784 1.447406 0.0
1.265327 1.447310 0.0
1.273869 1.447213 0.0
1.282412 1.447117 0.0
1.290955 1.447020 0.0
1.299497 1.446923 0.0
1.308040 1.446827 0.0
1.316583 1.446730 0.0
1.325126 1.446633 0.0
1.333668 1.446536 0.0
1.342211 1.446439 0.0
1.350754 1.446342 0.0
1.359296 1.446245 0.0
1.367839 1.446147 0.0
1.376382 1.446050 0.0
1.384925 1.445952 0.0
1.393467 1.445854 0.0
1.402010 1.445756 0.0
1.410553 1.445658 0.0
1.419095 1.445560 0.0
1.427638 1.445461 0.0
1.436181 1.445363 0.0
1.444724 1.445264 0.0
1.453266 1.445164 0.0
1.461809 1.445065 0.0
1.470352 1.444965 0.0
1.478894 1.444866 0.0
1.487437 1.444765 0.0
1.495980 1.444665 0.0
1.504523 1.444564 0.0
1.513065 1.444463 0.0
1.521608 1.444362 0.0
1.530151 1.444261 0.0
1.538693 1.444159 0.0
1.547236 1.444057 0.0
1.555779 1.443954 0.0
1.564322 1.443852 0.0
1.572864 1.443749 0.0
1.581407 1.443645 0.0
1.589950 1.443541 0.0
1.598492 1.443437 0.0
1.607035 1.443333 0.0
1.615578 1.443228 0.0
1.624121 1.443123 0.0
1.632663 1.443018 0.0
1.641206 1.442912 0.0
1.649749 1.442806 0.0
1.658291 1.442699 0.0
1.666834 1.442592 0.0
1.675377 1.442485 0.0
1.683920 1.442377 0.0
1.692462 1.442269 0.0
1.701005 1.442161 0.0
1.709548 1.442052 0.0
1.718090 1.441943 0.0
1.726633 1.441833 0.0
1.735176 1.441723 0.0
1.743719 1.441612 0.0
1.752261 1.441501 0.0
1.760804 1.441390 0.0
1.769347 1.441278 0.0
1.777889 1.441166 0.0
1.786432 1.441053 0.0
1.794975 1.440940 0.0
1.803518 1.440827 0.0
1.812060 1.440713 0.0
1.820603 1.440598 0.0
1.829146 1.440483 0.0
1.837688 1.440368 0.0
1.846231 1.440252 0.0
1.854774 1.440136 0.0
1.863317 1.440019 0.0
1.871859 1.439902 0.0
1.880402 1.439784 0.0
1.888945 1.439666 0.0
1.897487 1.439548 0.0
1.906030 1.439428 0.0
1.914573 1.439309 0.0
1.923116 1.439189 0.0
1.931658 1.439068 0.0
1.940201 1.438947 0.0
1.948744 1.438825 0.0
1.957286 1.438703 0.0
1.965829 1.438581 0.0
1.974372 1.438458 0.0
1.982915 1.438334 0.0
1.991457 1.438210 0.0
2.000000 1.438085 0.0
